"p","r","classifier","thresh","f"
0.273468511962236,0.451630049610206,"BirdNET",0,0.340661543601737
0.112750587971777,0.713501063075833,"HawkEars",0,0.19472920696325
0.273468511962236,0.451630049610206,"BirdNET",0.01,0.340661543601737
0.112750587971777,0.713501063075833,"HawkEars",0.01,0.19472920696325
0.273468511962236,0.451630049610206,"BirdNET",0.02,0.340661543601737
0.112750587971777,0.713501063075833,"HawkEars",0.02,0.19472920696325
0.273468511962236,0.451630049610206,"BirdNET",0.03,0.340661543601737
0.112750587971777,0.713501063075833,"HawkEars",0.03,0.19472920696325
0.273468511962236,0.451630049610206,"BirdNET",0.04,0.340661543601737
0.112750587971777,0.713501063075833,"HawkEars",0.04,0.19472920696325
0.273537305421363,0.451452870304748,"BirdNET",0.05,0.340664482919981
0.120321265442506,0.695428773919206,"HawkEars",0.05,0.205148307853129
0.296640195479536,0.430191353649894,"BirdNET",0.06,0.351146142165015
0.13592059695098,0.674521615875266,"HawkEars",0.06,0.226250260006537
0.311120196238757,0.404500354358611,"BirdNET",0.07,0.35171776305654
0.15166802278275,0.660524450744153,"HawkEars",0.07,0.246691371095818
0.329180426298409,0.38855421686747,"BirdNET",0.08,0.356411506582155
0.165925388036671,0.64776754075124,"HawkEars",0.08,0.264180937929041
0.341924959216966,0.371367824238129,"BirdNET",0.09,0.356038729403771
0.179879114840901,0.638022678951099,"HawkEars",0.09,0.280637493667927
0.3590692755156,0.360914245216159,"BirdNET",0.1,0.359989396483167
0.194351704887527,0.629163713678242,"HawkEars",0.1,0.296968429855739
0.373989851531667,0.352586817859674,"BirdNET",0.11,0.36297309621523
0.207954342785803,0.619773210489015,"HawkEars",0.11,0.311417760961496
0.383004189108318,0.340184266477675,"BirdNET",0.12,0.360326545932251
0.220602340303088,0.611268603827073,"HawkEars",0.12,0.324202415073063
0.393052631578947,0.330793763288448,"BirdNET",0.13,0.359245718683856
0.233253506671228,0.604004252303331,"HawkEars",0.13,0.336541783898514
0.40251433612704,0.323352232459249,"BirdNET",0.14,0.358616624091177
0.24587771778783,0.597094259390503,"HawkEars",0.14,0.348320413436692
0.412023121387283,0.315733522324593,"BirdNET",0.15,0.357508275654529
0.25765542839468,0.590361445783133,"HawkEars",0.15,0.358742463393626
0.422436670687575,0.310240963855422,"BirdNET",0.16,0.357748493206661
0.269629871721546,0.584691708008505,"HawkEars",0.16,0.369065593021305
0.429573934837093,0.303685329553508,"BirdNET",0.17,0.355823126427237
0.280754651964163,0.577427356484763,"HawkEars",0.17,0.377811268258753
0.437891440501044,0.297306874557052,"BirdNET",0.18,0.354157872520051
0.292629861299973,0.571934798015592,"HawkEars",0.18,0.387166416791604
0.444020702805775,0.28880226789511,"BirdNET",0.19,0.349973161567365
0.305836353232882,0.568214032600992,"HawkEars",0.19,0.397644141351519
0.449071468767586,0.282778171509568,"BirdNET",0.2,0.34703196347032
0.317696376883921,0.563961729270021,"HawkEars",0.2,0.406435548745451
0.456104651162791,0.277994330262225,"BirdNET",0.21,0.345442536327609
0.328157565652355,0.557937632884479,"HawkEars",0.21,0.413254593175853
0.463920625375827,0.27338766832034,"BirdNET",0.22,0.344035674470457
0.33818576860402,0.551559177888023,"HawkEars",0.22,0.419287494107347
0.472343070229956,0.269312544294826,"BirdNET",0.23,0.343037689009253
0.350147358875538,0.547306874557052,"HawkEars",0.23,0.42707037190654
0.47870637207813,0.264883061658398,"BirdNET",0.24,0.341051671039124
0.36388395500296,0.544472005669738,"HawkEars",0.24,0.43622684363688
0.483120288430023,0.261162296243799,"BirdNET",0.25,0.339045428407131
0.37730023465481,0.54128277817151,"HawkEars",0.25,0.444654683065279
0.488497970230041,0.255846917080085,"BirdNET",0.26,0.335813953488372
0.389331619537275,0.536676116229624,"HawkEars",0.26,0.451281287246722
0.492157546183339,0.250177179305457,"BirdNET",0.27,0.331727945495125
0.400399733510993,0.532423812898653,"HawkEars",0.27,0.457068978629554
0.495534119328332,0.245747696669029,"BirdNET",0.28,0.3285562004027
0.411553344389165,0.527639971651311,"HawkEars",0.28,0.462422360248447
0.499447920500552,0.240432317505315,"BirdNET",0.29,0.324602320296615
0.424985656913368,0.524982282069454,"HawkEars",0.29,0.469720989220038
0.503003003003003,0.237420269312544,"BirdNET",0.3,0.32258064516129
0.437779767233662,0.519844082211198,"HawkEars",0.3,0.4752956423133
0.507912003087611,0.233167965981573,"BirdNET",0.31,0.319611414693382
0.450193648334624,0.514883061658398,"HawkEars",0.31,0.480370278535416
0.511462450592885,0.229270021261517,"BirdNET",0.32,0.316613653046244
0.4613290632506,0.51045357902197,"HawkEars",0.32,0.484649676171251
0.518653690186537,0.22661233167966,"BirdNET",0.33,0.3154130702836
0.473205425074429,0.506909992912828,"HawkEars",0.33,0.489478186484175
0.521576763485477,0.222714386959603,"BirdNET",0.34,0.31214303451701
0.486421861656704,0.504606661941885,"HawkEars",0.34,0.495347421514914
0.526831345826235,0.219170800850461,"BirdNET",0.35,0.30955955955956
0.499293286219081,0.500708717221829,"HawkEars",0.35,0.5
0.533129904097646,0.216690290574061,"BirdNET",0.36,0.308138070042832
0.510816215233594,0.497873848334515,"HawkEars",0.36,0.504262000897263
0.535968028419183,0.213855421686747,"BirdNET",0.37,0.305724417426545
0.52513650913199,0.494153082919915,"HawkEars",0.37,0.509173893199452
0.543299908842297,0.21119773210489,"BirdNET",0.38,0.304159224291911
0.538177579172333,0.49078667611623,"HawkEars",0.38,0.513390788620146
0.549813780260708,0.209248759744862,"BirdNET",0.39,0.303131416837782
0.552139843279084,0.486888731396173,"HawkEars",0.39,0.517465398738349
0.552231718898386,0.206059532246634,"BirdNET",0.4,0.300129032258065
0.563014827018122,0.484408221119773,"HawkEars",0.4,0.520761904761905
0.557392996108949,0.203047484053862,"BirdNET",0.41,0.297662337662338
0.574846495871268,0.481041814316088,"HawkEars",0.41,0.523777370502556
0.559701492537313,0.199326718639263,"BirdNET",0.42,0.293963940423308
0.584311169056932,0.476435152374203,"HawkEars",0.42,0.524887761077494
0.564180618975139,0.19702338766832,"BirdNET",0.43,0.292055154300722
0.596252509480259,0.473600283486889,"HawkEars",0.43,0.527895724301373
0.569574247144341,0.194365698086464,"BirdNET",0.44,0.289828269484808
0.60745313214449,0.470765414599575,"HawkEars",0.44,0.530445198642444
0.575741525423729,0.192593905031892,"BirdNET",0.45,0.288635156664896
0.618457943925234,0.468993621545004,"HawkEars",0.45,0.533454252317614
0.583877995642701,0.189936215450035,"BirdNET",0.46,0.286631016042781
0.628831417624521,0.465272856130404,"HawkEars",0.46,0.534826883910387
0.587222222222222,0.187278525868179,"BirdNET",0.47,0.283987103707684
0.639862711448885,0.46243798724309,"HawkEars",0.47,0.536871336007405
0.591533180778032,0.183203401842665,"BirdNET",0.48,0.279761904761905
0.652250440030174,0.459603118355776,"HawkEars",0.48,0.539237085542044
0.594610427650849,0.179836995038979,"BirdNET",0.49,0.276152904366753
0.663149768399382,0.456591070163005,"HawkEars",0.49,0.540818467995803
0.600721587492483,0.177002126151665,"BirdNET",0.5,0.273436430819762
0.672264497507216,0.453933380581148,"HawkEars",0.5,0.541935483870968
0.606658446362515,0.174344436569809,"BirdNET",0.51,0.27085053674649
0.681501340482574,0.450389794472006,"HawkEars",0.51,0.542351184126307
0.610691823899371,0.172041105598866,"BirdNET",0.52,0.268454520320708
0.69262520638415,0.445960311835578,"HawkEars",0.52,0.542573830566933
0.613461538461539,0.169560595322466,"BirdNET",0.53,0.265685730149917
0.704372355430183,0.442416725726435,"HawkEars",0.53,0.543475895091958
0.614980289093298,0.165839829907867,"BirdNET",0.54,0.261233603125872
0.711322385479689,0.437455705173636,"HawkEars",0.54,0.54174437739989
0.623481781376518,0.163713678242381,"BirdNET",0.55,0.259332023575639
0.721698113207547,0.433734939759036,"HawkEars",0.55,0.541832669322709
0.628036086051353,0.160347271438696,"BirdNET",0.56,0.255469301340861
0.731231231231231,0.431431608788094,"HawkEars",0.56,0.542678850011143
0.631805157593123,0.156272147413182,"BirdNET",0.57,0.250568181818182
0.742857142857143,0.428419560595322,"HawkEars",0.57,0.543431846274862
0.638704930095659,0.153791637136782,"BirdNET",0.58,0.247893759817221
0.751331036642656,0.425053153791637,"HawkEars",0.58,0.542944438157746
0.6418359668924,0.151133947554926,"BirdNET",0.59,0.244657966441991
0.76056338028169,0.420978029766123,"HawkEars",0.59,0.541970802919708
0.647421093148576,0.14900779588944,"BirdNET",0.6,0.242258389745067
0.770035982989859,0.417080085046067,"HawkEars",0.6,0.541087231352718
0.654028436018957,0.146704464918498,"BirdNET",0.61,0.239652677279305
0.78255033557047,0.41318214032601,"HawkEars",0.61,0.540816326530612
0.657051282051282,0.145287030474841,"BirdNET",0.62,0.237957051654092
0.791852105443341,0.409815733522325,"HawkEars",0.62,0.540105078809107
0.65905383360522,0.143160878809355,"BirdNET",0.63,0.235225618631732
0.800906555090656,0.406980864635011,"HawkEars",0.63,0.539708646616541
0.6669449081803,0.141566265060241,"BirdNET",0.64,0.233557439345221
0.809914407988588,0.402374202693125,"HawkEars",0.64,0.537642045454545
0.672369546621044,0.139262934089298,"BirdNET",0.65,0.230735358872743
0.819905213270142,0.398476257973069,"HawkEars",0.65,0.536306188148325
0.678633975481611,0.13731396172927,"BirdNET",0.66,0.228411435307987
0.829684601113173,0.396172927002126,"HawkEars",0.66,0.536275332773714
0.680679785330948,0.13483345145287,"BirdNET",0.67,0.225081336882579
0.838612368024133,0.394046775336641,"HawkEars",0.67,0.536162005785921
0.683776351970669,0.132175761871013,"BirdNET",0.68,0.221529324424647
0.846420323325635,0.389617292700213,"HawkEars",0.68,0.533608347488474
0.686035613870665,0.129695251594614,"BirdNET",0.69,0.218149307107734
0.855350842806742,0.386605244507442,"HawkEars",0.69,0.532519829164125
0.694310511089682,0.127569099929128,"BirdNET",0.7,0.215536596317916
0.86290967226219,0.382530120481928,"HawkEars",0.7,0.530076110974712
0.694747274529237,0.124202693125443,"BirdNET",0.71,0.210732000601233
0.871481028151775,0.378454996456414,"HawkEars",0.71,0.527733168622606
0.700101317122594,0.122430900070872,"BirdNET",0.72,0.20841502035892
0.878674948240166,0.375974486180014,"HawkEars",0.72,0.526616205484551
0.703549060542798,0.119418851878101,"BirdNET",0.73,0.204180551348076
0.883662326753465,0.372785258681786,"HawkEars",0.73,0.524361370716511
0.711827956989247,0.117292700212615,"BirdNET",0.74,0.201399452388196
0.890128755364807,0.367469879518072,"HawkEars",0.74,0.520190619513419
0.717439293598234,0.11516654854713,"BirdNET",0.75,0.198473282442748
0.898468271334792,0.363749114103473,"HawkEars",0.75,0.517845882204566
0.728009259259259,0.11144578313253,"BirdNET",0.76,0.193300553165335
0.905525846702317,0.360028348688873,"HawkEars",0.76,0.515212981744422
0.73855421686747,0.108610914245216,"BirdNET",0.77,0.189372876119864
0.911363636363636,0.355244507441531,"HawkEars",0.77,0.511218765935747
0.742255266418835,0.106130403968816,"BirdNET",0.78,0.185707642226011
0.919032107957189,0.349929128277817,"HawkEars",0.78,0.506865135377903
0.749360613810742,0.103827072997874,"BirdNET",0.79,0.182384064737006
0.926840855106888,0.345676824946846,"HawkEars",0.79,0.50354884501226
0.756935270805812,0.101523742026931,"BirdNET",0.8,0.179034525855335
0.933561309233024,0.338589652728561,"HawkEars",0.8,0.496944480561696
0.765927977839335,0.0979801559177888,"BirdNET",0.81,0.173735469682689
0.939530234882559,0.33309709425939,"HawkEars",0.81,0.491824722040549
0.771428571428571,0.0956768249468462,"BirdNET",0.82,0.170239596469105
0.947070914696814,0.326541459957477,"HawkEars",0.82,0.485638998682477
0.77810650887574,0.0931963146704465,"BirdNET",0.83,0.166455696202532
0.952130457653866,0.320694542877392,"HawkEars",0.83,0.479787939032472
0.7900466562986,0.0900070871722183,"BirdNET",0.84,0.161603308414188
0.955280172413793,0.314138908575478,"HawkEars",0.84,0.4728
0.804276315789474,0.086640680368533,"BirdNET",0.85,0.156429942418426
0.959556786703601,0.306874557051736,"HawkEars",0.85,0.465028862934622
0.809358752166378,0.0827427356484763,"BirdNET",0.86,0.150136633981675
0.960022844089092,0.297838412473423,"HawkEars",0.86,0.454631507775524
0.807272727272727,0.0786676116229624,"BirdNET",0.87,0.143364546335163
0.963049853372434,0.290928419560595,"HawkEars",0.87,0.446863518846102
0.816247582205029,0.0747696669029057,"BirdNET",0.88,0.136990748255153
0.967584097859327,0.280297661233168,"HawkEars",0.88,0.434675092732518
0.816666666666667,0.0694542877391921,"BirdNET",0.89,0.128020901371653
0.969026548672566,0.271615875265769,"HawkEars",0.89,0.424301134791032
0.832957110609481,0.0653791637136782,"BirdNET",0.9,0.121241991128635
0.972901520158625,0.260807937632884,"HawkEars",0.9,0.411345535839039
0.846335697399527,0.0634301913536499,"BirdNET",0.91,0.118015493654195
0.975017349063151,0.248936924167257,"HawkEars",0.91,0.396612561750176
0.860050890585242,0.0598866052445074,"BirdNET",0.92,0.111976147092927
0.982287822878229,0.23582565556343,"HawkEars",0.92,0.380340048578368
0.868493150684931,0.0561658398299079,"BirdNET",0.93,0.105508404060576
0.983226837060703,0.218107725017718,"HawkEars",0.93,0.357018561484919
0.869565217391304,0.0496102055279943,"BirdNET",0.94,0.0938652363392558
0.988566402814424,0.199149539333806,"HawkEars",0.94,0.331514525881138
0.886029411764706,0.0427002126151666,"BirdNET",0.95,0.081473968897904
0.992156862745098,0.179305457122608,"HawkEars",0.95,0.303721488595438
0.9004329004329,0.0368532955350815,"BirdNET",0.96,0.0708085106382979
0.996420047732697,0.147944720056697,"HawkEars",0.96,0.257636531934588
0.922222222222222,0.0294117647058824,"BirdNET",0.97,0.0570054945054945
0.998307952622673,0.104535790219702,"HawkEars",0.97,0.18925421010425
0.921875,0.0209071580439405,"BirdNET",0.98,0.0408870408870409
0.996805111821086,0.0552799433026223,"HawkEars",0.98,0.104750713446366
0.941860465116279,0.0143515237420269,"BirdNET",0.99,0.0282722513089005
1,0.0120481927710843,"HawkEars",0.99,0.0238095238095238
